tsp_1000_1 : 22886884.8292126643
tsp_100_1 : 25944.9376025178
tsp_100_2 : 26386.6830711338
tsp_100_3 : 25138.7854527723
tsp_100_4 : 29998.1349460739
tsp_100_5 : 26227.5409601702
tsp_100_6 : 10235.3677045247
tsp_101_1 : 815.2150397137
tsp_105_1 : 18917.7667953567
tsp_1060_1 : 285441.2938510437
tsp_107_1 : 47925.6222048619
tsp_1084_1 : 291458.0022043513
tsp_1173_1 : 74716.9682194987
tsp_11849_1 : 1110075.5186833855
tsp_124_1 : 69941.4642672551
tsp_127_1 : 144402.2931278164
tsp_1291_1 : 61973.1185922124
tsp_1304_1 : 319913.2158426274
tsp_1323_1 : 329075.6463771922
tsp_136_1 : 129990.7077445864
tsp_1379_1 : 70033.1870070269
tsp_1400_1 : 28430.3278702147
tsp_14051_1 : 573864.6896401526
tsp_1432_1 : 199109.6491489772
tsp_144_1 : 76782.1588504218
tsp_150_1 : 34291.8473247856
tsp_150_2 : 32084.9760404139
tsp_152_1 : 87771.7697798289
tsp_1577_1 : 28639.2080322360
tsp_159_1 : 55990.6160348172
tsp_1655_1 : 76524.9532415271
tsp_1748_1 : 427212.8738845041
tsp_1817_1 : 68356.0187069953
tsp_18512_1 : 796376.0185266838
tsp_1889_1 : 397998.0381924912
tsp_195_1 : 2830.1049551912
tsp_198_1 : 20085.7882206709
tsp_200_1 : 36861.3862594383
tsp_200_2 : 36226.2214381415
tsp_2103_1 : 90517.4901788534
tsp_2152_1 : 76915.8729744003
tsp_225_1 : 141471.7004257747
tsp_226_1 : 98925.9292656301
tsp_2319_1 : 282960.1656345290
tsp_2392_1 : 472817.2869473710
tsp_262_1 : 3022.1538822819
tsp_264_1 : 58444.8442121978
tsp_299_1 : 59103.5788304839
tsp_3038_1 : 174938.9777478804
tsp_318_1 : 53245.1530420911
tsp_318_2 : 53245.1530420911
tsp_33810_1 : 80784847.9070530383
tsp_3795_1 : 36843.7045882466
tsp_400_1 : 19196.0481570113
tsp_417_1 : 15609.8050539542
tsp_439_1 : 134069.7003521123
tsp_442_1 : 63138.3856587164
tsp_4461_1 : 224748.7333723415
tsp_493_1 : 44183.5169603446
tsp_51_1 : 506.3631653628
tsp_574_1 : 47044.2326464425
tsp_575_1 : 8254.2010129304
tsp_5915_1 : 692195.5812096644
tsp_5934_1 : 670151.3981609007
tsp_5_1 : 4.0000000000
tsp_654_1 : 44905.0525285946
tsp_657_1 : 62371.7587154515
tsp_70_1 : 806.1246417098
tsp_724_1 : 53491.8487186322
tsp_7397_1 : 29475384.7339871262
tsp_76_1 : 679.0824430109
tsp_76_2 : 143815.4701207801
tsp_783_1 : 11056.3370195613
tsp_85900_1 : 169148226.1538123406
tsp_99_1 : 1493.9172425692
